D:\dzy\yolov8-pytorch-master\yolov8-xyb\VOCdevkit/VOC2007/JPEGImages/001.jpg 563,478,630,573,0
D:\dzy\yolov8-pytorch-master\yolov8-xyb\VOCdevkit/VOC2007/JPEGImages/002.jpg 575,114,635,162,0 72,305,133,369,0 210,317,273,384,0 306,374,344,420,0 447,531,535,632,0 546,605,625,707,0 632,680,720,790,0
D:\dzy\yolov8-pytorch-master\yolov8-xyb\VOCdevkit/VOC2007/JPEGImages/003.jpg 100,256,170,319,0 575,139,668,240,0 753,382,843,484,0 313,648,415,764,0 434,674,527,787,0
D:\dzy\yolov8-pytorch-master\yolov8-xyb\VOCdevkit/VOC2007/JPEGImages/004.jpg 227,106,268,155,0 318,126,370,185,0 445,88,516,168,0 363,336,438,420,0 455,331,529,415,0 68,316,170,411,0 69,423,180,525,0
D:\dzy\yolov8-pytorch-master\yolov8-xyb\VOCdevkit/VOC2007/JPEGImages/005.jpg 401,596,443,636,0 606,138,668,199,0
D:\dzy\yolov8-pytorch-master\yolov8-xyb\VOCdevkit/VOC2007/JPEGImages/006.jpg 135,412,182,472,0 295,420,347,470,0 369,363,415,419,0 444,320,534,432,0 608,171,704,255,0 656,62,754,157,0 317,555,386,627,0 479,695,542,769,0
D:\dzy\yolov8-pytorch-master\yolov8-xyb\VOCdevkit/VOC2007/JPEGImages/007.jpg 278,546,361,630,0 362,476,434,545,0 361,315,457,411,0 574,199,666,293,0
D:\dzy\yolov8-pytorch-master\yolov8-xyb\VOCdevkit/VOC2007/JPEGImages/008.jpg 208,361,272,418,0 234,429,289,481,0 322,473,376,540,0 313,631,384,697,0
D:\dzy\yolov8-pytorch-master\yolov8-xyb\VOCdevkit/VOC2007/JPEGImages/009.jpg 167,184,232,241,0 423,146,456,174,0 652,73,694,123,0 726,223,786,289,0 627,508,680,560,0 556,519,606,579,0
D:\dzy\yolov8-pytorch-master\yolov8-xyb\VOCdevkit/VOC2007/JPEGImages/010.jpg 221,53,265,95,0 147,254,192,297,0 442,631,493,685,0 657,485,736,564,0 846,77,925,149,0 210,349,261,397,0
D:\dzy\yolov8-pytorch-master\yolov8-xyb\VOCdevkit/VOC2007/JPEGImages/017.jpg 52,515,152,594,0 233,393,312,452,0 258,472,333,529,0 272,546,368,622,0 175,109,258,187,0 463,9,543,93,0 521,124,618,197,0 451,229,535,311,0 773,352,856,425,0 891,282,973,370,0 387,382,443,429,2 403,437,459,478,2 423,489,475,527,2 466,355,530,403,2 490,417,555,467,2 523,324,588,374,2 548,384,614,437,2 615,291,673,332,2 634,343,693,383,2 654,389,711,435,2
D:\dzy\yolov8-pytorch-master\yolov8-xyb\VOCdevkit/VOC2007/JPEGImages/021.jpg 108,60,192,154,0 204,58,313,160,0 327,46,432,151,0 444,69,543,169,0 556,91,651,181,0 658,67,765,172,0 792,81,882,172,0 903,57,1032,180,0 1035,70,1140,184,0 1146,78,1251,181,0 48,222,160,321,0 106,493,207,577,0 103,607,220,703,0 106,727,205,814,0 780,470,835,528,2 815,520,870,570,2 730,500,790,558,2 760,550,815,604,2 660,545,706,590,2 690,592,736,638,2 618,572,664,615,2 650,620,692,665,2 578,600,620,641,2 606,646,650,690,2 488,485,528,520,2 470,450,500,485,2
D:\dzy\yolov8-pytorch-master\yolov8-xyb\VOCdevkit/VOC2007/JPEGImages/067.jpg 207,676,293,757,0 486,98,533,145,2 509,153,556,202,2 541,74,590,122,2 566,128,613,179,2 602,53,645,97,2 626,109,671,154,2 658,30,704,74,2 681,84,727,132,2
D:\dzy\yolov8-pytorch-master\yolov8-xyb\VOCdevkit/VOC2007/JPEGImages/081.jpg 827,204,906,289,3 811,482,892,568,3 254,386,321,461,3 640,51,677,110,4 644,107,680,165,4 646,170,684,224,4 650,225,682,281,4 653,282,688,334,4 657,338,688,393,4
D:\dzy\yolov8-pytorch-master\yolov8-xyb\VOCdevkit/VOC2007/JPEGImages/082.jpg 864,118,924,185,3 825,495,906,583,3
D:\dzy\yolov8-pytorch-master\yolov8-xyb\VOCdevkit/VOC2007/JPEGImages/083.jpg 423,192,523,298,3 674,195,742,264,3 528,438,599,505,3 271,433,367,533,3
D:\dzy\yolov8-pytorch-master\yolov8-xyb\VOCdevkit/VOC2007/JPEGImages/084.jpg 583,233,687,343,3 490,395,585,481,4 471,446,574,528,5
D:\dzy\yolov8-pytorch-master\yolov8-xyb\VOCdevkit/VOC2007/JPEGImages/085.jpg 347,193,429,277,3 486,187,587,292,3 467,493,496,553,4 497,494,528,549,4 426,489,464,557,5
D:\dzy\yolov8-pytorch-master\yolov8-xyb\VOCdevkit/VOC2007/JPEGImages/086.jpg 903,79,996,176,3 104,470,167,541,3 36,611,68,667,4 68,611,98,667,4 98,611,128,667,4 128,611,159,667,4
D:\dzy\yolov8-pytorch-master\yolov8-xyb\VOCdevkit/VOC2007/JPEGImages/087.jpg 478,201,547,257,3 581,276,645,333,3 714,332,782,392,3 481,392,585,488,3
D:\dzy\yolov8-pytorch-master\yolov8-xyb\VOCdevkit/VOC2007/JPEGImages/088.jpg 504,19,569,63,3 602,106,670,158,3 568,505,648,576,3
D:\dzy\yolov8-pytorch-master\yolov8-xyb\VOCdevkit/VOC2007/JPEGImages/089.jpg 494,274,565,356,3
D:\dzy\yolov8-pytorch-master\yolov8-xyb\VOCdevkit/VOC2007/JPEGImages/090.jpg 773,73,864,175,3 884,164,983,262,3
D:\dzy\yolov8-pytorch-master\yolov8-xyb\VOCdevkit/VOC2007/JPEGImages/094.jpg 294,73,399,181,3 271,448,379,561,3 54,26,104,95,4 54,100,104,173,4 60,176,105,249,4 65,254,109,329,4
D:\dzy\yolov8-pytorch-master\yolov8-xyb\VOCdevkit/VOC2007/JPEGImages/096.jpg 341,285,430,380,3 535,417,618,503,3 186,254,320,390,5
D:\dzy\yolov8-pytorch-master\yolov8-xyb\VOCdevkit/VOC2007/JPEGImages/099.jpg 191,459,276,548,3 537,317,624,406,3 471,532,549,614,3 740,564,817,643,3 491,128,637,271,5
D:\dzy\yolov8-pytorch-master\yolov8-xyb\VOCdevkit/VOC2007/JPEGImages/102.jpg 446,168,544,270,3 491,415,588,515,3 694,428,776,508,3 288,133,357,202,4 311,109,382,173,4 334,79,403,148,4 358,53,430,118,4
D:\dzy\yolov8-pytorch-master\yolov8-xyb\VOCdevkit/VOC2007/JPEGImages/105.jpg 771,86,881,209,3 482,115,781,447,6
D:\dzy\yolov8-pytorch-master\yolov8-xyb\VOCdevkit/VOC2007/JPEGImages/119.jpg 529,154,628,260,3 309,246,402,353,3 710,274,777,374,4 758,297,821,391,4 344,46,461,102,5
D:\dzy\yolov8-pytorch-master\yolov8-xyb\VOCdevkit/VOC2007/JPEGImages/121.jpg 383,203,480,317,3 410,113,494,177,5
D:\dzy\yolov8-pytorch-master\yolov8-xyb\VOCdevkit/VOC2007/JPEGImages/123.jpg 80,38,312,403,6 397,188,467,256,3
D:\dzy\yolov8-pytorch-master\yolov8-xyb\VOCdevkit/VOC2007/JPEGImages/127.jpg 832,196,940,298,3 423,206,780,542,6
D:\dzy\yolov8-pytorch-master\yolov8-xyb\VOCdevkit/VOC2007/JPEGImages/132.jpg 210,538,312,649,3 534,550,601,619,3 720,111,821,230,3 97,247,467,439,6
D:\dzy\yolov8-pytorch-master\yolov8-xyb\VOCdevkit/VOC2007/JPEGImages/133.jpg 259,248,423,350,5 433,233,536,381,5 567,512,614,540,9 693,498,747,523,9
D:\dzy\yolov8-pytorch-master\yolov8-xyb\VOCdevkit/VOC2007/JPEGImages/134.jpg 21,173,117,298,5 130,183,223,297,5
D:\dzy\yolov8-pytorch-master\yolov8-xyb\VOCdevkit/VOC2007/JPEGImages/135.jpg 229,291,409,423,5 144,387,356,521,5
D:\dzy\yolov8-pytorch-master\yolov8-xyb\VOCdevkit/VOC2007/JPEGImages/136.jpg 409,167,584,252,5 396,276,586,364,5
D:\dzy\yolov8-pytorch-master\yolov8-xyb\VOCdevkit/VOC2007/JPEGImages/140.jpg 288,83,401,126,4 291,132,405,179,4 106,86,183,189,5 180,84,258,186,5
D:\dzy\yolov8-pytorch-master\yolov8-xyb\VOCdevkit/VOC2007/JPEGImages/142.jpg 103,232,242,324,5 75,300,207,394,5 151,133,218,216,4 212,144,271,230,4
D:\dzy\yolov8-pytorch-master\yolov8-xyb\VOCdevkit/VOC2007/JPEGImages/145.jpg 551,194,665,271,5 528,242,645,323,5 491,306,553,397,4 549,326,612,417,4 433,418,509,510,4 494,439,569,534,4
D:\dzy\yolov8-pytorch-master\yolov8-xyb\VOCdevkit/VOC2007/JPEGImages/165.jpg 114,248,271,436,8 423,166,578,387,8 859,74,990,222,8
D:\dzy\yolov8-pytorch-master\yolov8-xyb\VOCdevkit/VOC2007/JPEGImages/166.jpg 123,305,264,390,8 198,203,296,292,8 256,49,385,166,8
D:\dzy\yolov8-pytorch-master\yolov8-xyb\VOCdevkit/VOC2007/JPEGImages/167.jpg 272,188,426,265,8
D:\dzy\yolov8-pytorch-master\yolov8-xyb\VOCdevkit/VOC2007/JPEGImages/168.jpg 248,145,475,258,8
D:\dzy\yolov8-pytorch-master\yolov8-xyb\VOCdevkit/VOC2007/JPEGImages/169.jpg 353,130,509,340,8
D:\dzy\yolov8-pytorch-master\yolov8-xyb\VOCdevkit/VOC2007/JPEGImages/170.jpg 340,186,600,312,8
D:\dzy\yolov8-pytorch-master\yolov8-xyb\VOCdevkit/VOC2007/JPEGImages/171.jpg 294,242,597,458,8
D:\dzy\yolov8-pytorch-master\yolov8-xyb\VOCdevkit/VOC2007/JPEGImages/172.jpg 74,311,300,490,8 202,226,388,409,8 692,140,842,195,8
D:\dzy\yolov8-pytorch-master\yolov8-xyb\VOCdevkit/VOC2007/JPEGImages/173.jpg 89,454,243,530,8 149,318,300,375,8 212,182,348,249,8 245,105,367,167,8 263,48,385,126,8
D:\dzy\yolov8-pytorch-master\yolov8-xyb\VOCdevkit/VOC2007/JPEGImages/174.jpg 240,154,440,247,8
D:\dzy\yolov8-pytorch-master\yolov8-xyb\VOCdevkit/VOC2007/JPEGImages/197.jpg 148,173,307,395,6
D:\dzy\yolov8-pytorch-master\yolov8-xyb\VOCdevkit/VOC2007/JPEGImages/198.jpg 440,65,548,249,6
D:\dzy\yolov8-pytorch-master\yolov8-xyb\VOCdevkit/VOC2007/JPEGImages/199.jpg 510,156,635,331,6
D:\dzy\yolov8-pytorch-master\yolov8-xyb\VOCdevkit/VOC2007/JPEGImages/200.jpg 468,313,544,373,3 424,75,598,279,6
D:\dzy\yolov8-pytorch-master\yolov8-xyb\VOCdevkit/VOC2007/JPEGImages/201.jpg 299,21,363,66,3 576,471,664,542,3 130,509,183,558,4 157,491,209,542,4 188,479,234,523,4 366,64,606,288,6
D:\dzy\yolov8-pytorch-master\yolov8-xyb\VOCdevkit/VOC2007/JPEGImages/202.jpg 243,338,306,391,4 273,355,342,413,4 303,372,370,432,4 335,387,399,448,4 384,415,455,480,4 417,435,482,494,4 392,67,713,406,6
D:\dzy\yolov8-pytorch-master\yolov8-xyb\VOCdevkit/VOC2007/JPEGImages/266.jpg 301,128,424,244,7 451,145,616,242,7 416,223,561,309,7 394,299,529,382,7 647,236,828,343,7 593,303,778,411,7
D:\dzy\yolov8-pytorch-master\yolov8-xyb\VOCdevkit/VOC2007/JPEGImages/267.jpg 335,31,438,75,7 438,37,567,79,7 319,94,442,138,7 438,75,595,128,7 306,169,437,212,7 450,154,644,199,7 307,238,462,280,7 510,232,634,281,7 333,317,555,347,7 415,372,565,408,7 661,233,730,303,7 566,370,627,452,7
D:\dzy\yolov8-pytorch-master\yolov8-xyb\VOCdevkit/VOC2007/JPEGImages/268.jpg 254,70,334,226,7 331,95,416,245,7 420,130,492,260,7
D:\dzy\yolov8-pytorch-master\yolov8-xyb\VOCdevkit/VOC2007/JPEGImages/269.jpg 506,41,626,156,7 452,83,579,194,7 390,132,521,251,7 324,189,451,318,7 240,243,377,394,7 138,325,291,482,7 33,419,188,591,7
D:\dzy\yolov8-pytorch-master\yolov8-xyb\VOCdevkit/VOC2007/JPEGImages/270.jpg 544,30,650,117,7 462,73,577,157,7 371,106,483,202,7 280,149,387,249,7 235,170,313,265,7
D:\dzy\yolov8-pytorch-master\yolov8-xyb\VOCdevkit/VOC2007/JPEGImages/271.jpg 119,12,246,143,7 217,38,331,172,7 287,82,396,213,7 363,124,483,271,7 466,181,549,307,7 532,218,613,344,7 601,253,698,393,7
D:\dzy\yolov8-pytorch-master\yolov8-xyb\VOCdevkit/VOC2007/JPEGImages/272.jpg 31,44,126,164,7 90,74,197,203,7 157,110,274,247,7 257,158,355,288,7 303,215,398,343,7
D:\dzy\yolov8-pytorch-master\yolov8-xyb\VOCdevkit/VOC2007/JPEGImages/273.jpg 231,17,390,96,7 260,70,415,166,7 297,122,450,218,7 333,178,491,265,7 362,232,522,323,7 396,284,551,387,7 435,344,585,438,7 465,389,633,505,7
D:\dzy\yolov8-pytorch-master\yolov8-xyb\VOCdevkit/VOC2007/JPEGImages/274.jpg 147,27,281,92,7 133,325,292,393,7 147,424,290,472,7 182,481,296,536,7
D:\dzy\yolov8-pytorch-master\yolov8-xyb\VOCdevkit/VOC2007/JPEGImages/275.jpg 710,23,818,106,7 631,70,748,146,7 367,270,499,356,7 296,331,419,430,7 235,389,333,474,7 147,429,269,502,7 154,505,281,607,7 54,511,156,586,7
D:\dzy\yolov8-pytorch-master\yolov8-xyb\VOCdevkit/VOC2007/JPEGImages/277.jpg 154,336,228,419,7 410,300,480,366,7 721,248,791,311,7 798,235,866,298,7 878,222,964,297,7 259,336,287,403,1 895,409,956,437,1 984,395,1040,415,1
D:\dzy\yolov8-pytorch-master\yolov8-xyb\VOCdevkit/VOC2007/JPEGImages/282.jpg 323,21,498,113,7 331,72,502,148,7 525,27,657,104,7 356,130,545,226,7 785,25,942,92,7 771,107,947,182,7 753,196,928,274,7 767,289,885,360,7 580,180,626,270,1 87,394,133,447,4 123,386,168,434,4 97,463,147,521,4 133,449,179,509,4 174,438,219,496,4 207,429,252,485,4
D:\dzy\yolov8-pytorch-master\yolov8-xyb\VOCdevkit/VOC2007/JPEGImages/285.jpg 439,292,474,417,1 591,409,637,486,1 772,681,833,773,1 894,74,972,161,1 956,360,1045,458,1 100,16,169,87,2 170,28,235,97,2 240,40,306,107,2 310,49,373,119,2 24,74,80,131,2 23,136,78,196,2 33,205,81,256,2 31,262,79,308,2 118,171,166,224,2 166,179,213,230,2 115,223,162,271,2 163,230,211,278,2 113,271,159,321,2 161,278,209,327,2 230,189,278,237,2 279,196,325,244,2 325,204,375,250,2 226,235,274,289,2 273,244,322,296,2 322,250,371,302,2 221,287,269,338,2 271,292,318,344,2 318,299,365,352,2 218,414,274,473,2 286,423,339,479,2 101,92,165,159,2 167,100,231,170,2 236,110,301,176,2 304,120,367,188,2 24,9,85,50,2
D:\dzy\yolov8-pytorch-master\yolov8-xyb\VOCdevkit/VOC2007/JPEGImages/286.jpg 154,370,215,439,0 470,596,554,660,1 780,520,843,593,1
D:\dzy\yolov8-pytorch-master\yolov8-xyb\VOCdevkit/VOC2007/JPEGImages/287.jpg 106,55,195,77,1 402,53,494,77,1 508,55,597,79,1 36,89,83,165,1 73,429,164,452,1 278,458,353,479,1 560,561,587,652,1 805,435,890,459,1 971,442,1036,506,1 527,129,579,181,2 526,186,579,236,2 524,238,576,288,2 669,188,718,237,2 669,239,717,289,2 732,231,786,283,2 792,232,844,283,2
D:\dzy\yolov8-pytorch-master\yolov8-xyb\VOCdevkit/VOC2007/JPEGImages/288.jpg 355,191,426,222,1 114,517,183,557,1
D:\dzy\yolov8-pytorch-master\yolov8-xyb\VOCdevkit/VOC2007/JPEGImages/289.jpg 113,327,170,369,1 651,642,698,692,2 686,612,733,658,2 719,647,766,694,2 683,678,730,727,2 739,270,763,295,2 755,255,777,280,2 769,272,792,296,2 752,287,777,311,2
D:\dzy\yolov8-pytorch-master\yolov8-xyb\VOCdevkit/VOC2007/JPEGImages/290.jpg 231,256,268,326,1 198,395,250,461,1 153,610,201,673,1
D:\dzy\yolov8-pytorch-master\yolov8-xyb\VOCdevkit/VOC2007/JPEGImages/291.jpg 97,285,166,314,1 324,214,370,286,1 455,184,512,245,1
D:\dzy\yolov8-pytorch-master\yolov8-xyb\VOCdevkit/VOC2007/JPEGImages/292.jpg 411,207,438,273,1 474,180,498,253,1 540,183,569,248,1 681,119,709,186,1 738,164,769,240,1 744,258,769,326,1 792,238,817,303,1 799,158,832,223,1
D:\dzy\yolov8-pytorch-master\yolov8-xyb\VOCdevkit/VOC2007/JPEGImages/304.jpg 481,152,525,202,1 567,238,612,287,1 533,319,591,381,1 504,339,569,409,1 435,408,487,466,1 514,60,564,113,2 610,45,665,99,2 594,125,646,176,2 694,77,746,129,2 673,172,726,225,2 785,112,838,166,2 769,190,822,243,2 751,284,803,335,2 871,170,926,222,2 852,261,902,315,2 753,284,806,339,2 824,406,873,457,2 900,422,948,472,2 812,454,860,504,2 888,468,936,517,2 798,507,849,558,2 874,524,921,576,2 409,555,460,607,2
D:\dzy\yolov8-pytorch-master\yolov8-xyb\VOCdevkit/VOC2007/JPEGImages/305.jpg 624,334,663,410,1 774,197,812,266,1 743,423,785,498,1 593,488,637,536,2 565,527,608,574,2 658,536,700,583,2 631,574,672,624,2 700,577,745,626,2 672,617,713,665,2 416,651,460,698,2 472,655,517,699,2
D:\dzy\yolov8-pytorch-master\yolov8-xyb\VOCdevkit/VOC2007/JPEGImages/308.jpg 458,228,529,295,1 766,175,835,208,1 126,271,202,320,1 24,529,91,552,1 227,65,283,122,2 273,87,329,143,2 119,485,154,520,2 154,484,191,522,2 190,484,226,520,2 225,484,261,522,2 130,528,170,563,2 167,525,205,563,2 204,527,241,565,2 239,528,277,564,2 189,569,227,603,2 231,569,272,610,2 189,602,226,642,2 233,610,270,645,2 53,643,90,682,2
D:\dzy\yolov8-pytorch-master\yolov8-xyb\VOCdevkit/VOC2007/JPEGImages/309.jpg 777,289,872,332,1 332,369,360,442,1 149,187,189,227,2 150,225,180,255,2 149,258,179,288,2 185,209,235,263,2 234,210,286,264,2 180,261,232,313,2 229,262,284,316,2 144,322,170,351,2 167,321,194,355,2 189,324,217,356,2 213,325,239,357,2 236,327,262,359,2 260,326,287,361,2
D:\dzy\yolov8-pytorch-master\yolov8-xyb\VOCdevkit/VOC2007/JPEGImages/369.jpg 861,230,917,286,9 827,256,888,315,9 724,323,773,384,9
D:\dzy\yolov8-pytorch-master\yolov8-xyb\VOCdevkit/VOC2007/JPEGImages/370.jpg 122,45,182,77,9 701,531,767,584,9 868,623,928,674,9
D:\dzy\yolov8-pytorch-master\yolov8-xyb\VOCdevkit/VOC2007/JPEGImages/371.jpg 26,46,65,133,9 725,120,761,198,9 871,498,943,535,9
D:\dzy\yolov8-pytorch-master\yolov8-xyb\VOCdevkit/VOC2007/JPEGImages/372.jpg 599,50,673,89,9 151,627,202,697,9 549,59,606,101,9
D:\dzy\yolov8-pytorch-master\yolov8-xyb\VOCdevkit/VOC2007/JPEGImages/373.jpg 555,20,609,64,9 404,591,440,658,9
D:\dzy\yolov8-pytorch-master\yolov8-xyb\VOCdevkit/VOC2007/JPEGImages/374.jpg 101,254,158,290,9 822,354,894,416,9
D:\dzy\yolov8-pytorch-master\yolov8-xyb\VOCdevkit/VOC2007/JPEGImages/375.jpg 198,83,243,166,9 110,570,202,634,9
D:\dzy\yolov8-pytorch-master\yolov8-xyb\VOCdevkit/VOC2007/JPEGImages/376.jpg 145,346,213,402,9 275,225,369,305,9
D:\dzy\yolov8-pytorch-master\yolov8-xyb\VOCdevkit/VOC2007/JPEGImages/377.jpg 160,179,230,221,9 519,115,599,161,9 617,108,692,155,9
